bun.lock
  h_75f73f9fd69b93 10-11,13,17-18,20,22,24-26,29,33-34,36-38,40,43,68,294,296,298,300,302,304,306,308,310,326,330,336,340,368,372,570,596,598,600,602,604,606,608,610,614,616,618,620,622,624,626,628,630,632,634,636,638,640,656,678,686,696,698,700,702,704,706,708,710,712,714-716,732,734,736,738,740,742,744,746,748,750,752,754,756,758,760,768-769,774,778,780,782,784,788,794,800,806,818,820,822,824,828,830,832,836,838,848,850,852,856,858,860,866-868,874,876,878,880,882,884,886,888,898,900,902,904,906,908,910,912,914,916,918,920,922,924,926,932,936,950-951,962,968,970,1020,1030,1046,1170,1296,1312-1313,1402,1438,1440,1470,1662,1706,1708,1728,1732,1756,1790,1804,1816,1868,1874,1886,1888,1894,1944,1960,1962,2020-2021,2026,2034,2050,2090,2108,2160,2162,2170,2190,2200,2226-2227,2276-2287,2292-2295,2322-2325,2330-2334,2336,2338,2342-2346,2352-2353,2358-2359,2362-2363,2368-2371,2380,2392-2395,2398-2402,2406,2408,2410,2412,2414,2416,2418,2434-2445,2468-2469,2568,2578-2579,2582-2583,2586-2590,2594-2595,2636,2638-2640,2678-2680,2682,2708-2718,2764-2767,2772-2797,2804-2805,2922,3026,3028
package.json
  h_75f73f9fd69b93 25-26,28,32-33,35,37,39-41,44,48-49,51-53,55,58
---
{
  "schema_version": "authorship/3.0.0",
  "git_ai_version": "1.6.20",
  "base_commit_sha": "ffa155ed913ac531773b92d8a184967e71d9d996",
  "prompts": {},
  "humans": {
    "h_75f73f9fd69b93": {
      "author": "az3ta <24527778+az3ta@users.noreply.github.com>"
    }
  }
}